pinhole {
  width: 640
  height: 480
  fx: 703.0800240596807
  fy: 704.7901849110278
  skew: 0.0
  cx: 324.33160122230845
  cy: 239.42858763512353
}
radial: -0.24911457714344737
radial: 0.03485636058344325
t1: 0.0
t2: 0.0
