# Pinhole camera model with radial and tangential distortion
# textual protobuf format
# (fx,fy) = focal length, (cx,cy) = principle point, (width,height) = image shape
# radial = radial distortion, t1,t2) = tangential distortion

pinhole {
  width: 640
  height: 480
  fx: 841.6511449951374
  fy: 841.73531186552
  skew: 0.0
  cx: 304.06252065996665
  cy: 206.90459713514986
}
radial: -0.23715432455606306
radial: 0.18638932687522672
t1: 0.0
t2: 0.0
